目标学校：200001
seq	ID	travelTime	arriveTime	stuCount	svcTime	leaveTime	EP_ID 
0	900001	0	025811	0	0	025811	200001
1	100141	5135	042346	4	29.4	042346	200001
2	100134	919	043905	27	78.8	043905	200001
3	100039	176	044201	61	107.4	044201	200001
4	100187	79	044320	62	21.6	044320	200001
5	100030	224	044704	64	24.2	044704	200001
6	100057	326	045230	66	24.2	045230	200001
7	200001	640	050000	66	190.6	050310	200001
8	900001	4049	061039	0	0	null	200001
目标学校：200001
seq	ID	travelTime	arriveTime	stuCount	svcTime	leaveTime	EP_ID 
0	900001	0	025505	0	0	025505	200001
1	100206	5279	042304	5	32	042304	200001
2	100025	1036	044020	52	141.2	044020	200001
3	100183	1095	045835	56	29.4	045835	200001
4	100230	103	050018	57	21.6	050018	200001
5	200001	149	050000	57	167.2	050247	200001
6	900001	4049	061016	0	0	null	200001
目标学校：200001
seq	ID	travelTime	arriveTime	stuCount	svcTime	leaveTime	EP_ID 
0	900001	0	025401	0	0	025401	200001
1	100110	5237	042118	1	21.6	042118	200001
2	100228	1093	043931	46	136	043931	200001
3	200001	1367	050000	46	138.6	050218	200001
4	900001	4049	060947	0	0	null	200001
目标学校：200001
seq	ID	travelTime	arriveTime	stuCount	svcTime	leaveTime	EP_ID 
0	900001	0	031614	0	0	031614	200001
1	100195	4317	042811	16	60.6	042811	200001
2	100171	1037	044528	52	112.6	044528	200001
3	100194	244	044932	54	24.2	044932	200001
4	200001	787	050000	54	159.4	050239	200001
5	900001	4049	061008	0	0	null	200001
目标学校：200001
seq	ID	travelTime	arriveTime	stuCount	svcTime	leaveTime	EP_ID 
0	900001	0	031924	0	0	031924	200001
1	100189	3731	042135	17	63.2	042135	200001
2	100138	721	043336	44	89.2	043336	200001
3	100246	240	043736	47	26.8	043736	200001
4	100177	686	044902	50	26.8	044902	200001
5	100036	83	045025	51	21.6	045025	200001
6	200001	726	050000	51	151.6	050231	200001
7	900001	4049	061000	0	0	null	200001
目标学校：200001
seq	ID	travelTime	arriveTime	stuCount	svcTime	leaveTime	EP_ID 
0	900001	0	034007	0	0	034007	200001
1	100102	3202	043329	23	78.8	043329	200001
2	100163	224	043713	64	125.6	043713	200001
3	100068	982	045335	65	21.6	045335	200001
4	200001	573	050000	65	188	050308	200001
5	900001	4049	061037	0	0	null	200001
目标学校：200001
seq	ID	travelTime	arriveTime	stuCount	svcTime	leaveTime	EP_ID 
0	900001	0	034220	0	0	034220	200001
1	100211	2194	041854	12	50.2	041854	200001
2	100080	525	042739	14	24.2	042739	200001
3	100150	1512	045251	28	55.4	045251	200001
4	200001	520	050000	28	91.8	050131	200001
5	900001	4049	060900	0	0	null	200001
目标学校：200001
seq	ID	travelTime	arriveTime	stuCount	svcTime	leaveTime	EP_ID 
0	900001	0	032342	0	0	032342	200001
1	100120	3818	042720	39	120.4	042720	200001
2	100049	591	043711	55	60.6	043711	200001
3	100087	570	044641	58	26.8	044641	200001
4	200001	968	050000	58	169.8	050249	200001
5	900001	4049	061018	0	0	null	200001
目标学校：200001
seq	ID	travelTime	arriveTime	stuCount	svcTime	leaveTime	EP_ID 
0	900001	0	035435	0	0	035435	200001
1	100093	3843	045838	27	89.2	045838	200001
2	100001	190	050148	43	60.6	050148	200001
3	200001	22	050000	43	130.8	050210	200001
4	900001	4049	060939	0	0	null	200001
目标学校：200001
seq	ID	travelTime	arriveTime	stuCount	svcTime	leaveTime	EP_ID 
0	900001	0	035109	0	0	035109	200001
1	100222	2629	043458	3	26.8	043458	200001
2	200001	1528	050000	3	26.8	050026	200001
3	900001	4049	060755	0	0	null	200001
目标学校：200001
seq	ID	travelTime	arriveTime	stuCount	svcTime	leaveTime	EP_ID 
0	900001	0	033409	0	0	033409	200001
1	100180	2964	042333	8	39.8	042333	200001
2	100213	738	043551	48	123	043551	200001
3	200001	1592	050000	48	143.8	050223	200001
4	900001	4049	060952	0	0	null	200001
目标学校：200001
seq	ID	travelTime	arriveTime	stuCount	svcTime	leaveTime	EP_ID 
0	900001	0	033209	0	0	033209	200001
1	100170	3252	042621	4	29.4	042621	200001
2	100139	604	043625	44	123	043625	200001
3	200001	1548	050000	44	133.4	050213	200001
4	900001	4049	060942	0	0	null	200001
目标学校：200001
seq	ID	travelTime	arriveTime	stuCount	svcTime	leaveTime	EP_ID 
0	900001	0	032652	0	0	032652	200001
1	100155	3652	042744	2	24.2	042744	200001
2	200001	1960	050000	2	24.2	050024	200001
3	900001	4049	060753	0	0	null	200001
目标学校：200001
seq	ID	travelTime	arriveTime	stuCount	svcTime	leaveTime	EP_ID 
0	900001	0	030219	0	0	030219	200001
1	100043	5086	042705	4	29.4	042705	200001
2	200001	2004	050000	4	29.4	050029	200001
3	900001	4049	060758	0	0	null	200001
目标学校：200002
seq	ID	travelTime	arriveTime	stuCount	svcTime	leaveTime	EP_ID 
0	900001	0	061517	0	0	061517	200002
1	100099	622	062539	4	29.4	062539	200002
2	100035	126	062745	5	21.6	062745	200002
3	100250	668	063853	33	91.8	063853	200002
4	100175	762	065135	36	26.8	065135	200002
5	100088	39	065214	49	52.8	065214	200002
6	100135	402	065856	61	50.2	065856	200002
7	200002	241	070000	61	177.6	070257	200002
8	900001	757	071534	0	0	null	200002
目标学校：200002
seq	ID	travelTime	arriveTime	stuCount	svcTime	leaveTime	EP_ID 
0	900001	0	055035	0	0	055035	200002
1	100091	2343	062938	28	91.8	062938	200002
2	100067	1298	065116	32	29.4	065116	200002
3	100117	485	065921	59	89.2	065921	200002
4	100047	175	070216	66	37.2	070216	200002
5	200002	54	070000	66	190.6	070310	200002
6	900001	757	071547	0	0	null	200002
目标学校：200002
seq	ID	travelTime	arriveTime	stuCount	svcTime	leaveTime	EP_ID 
0	900001	0	061326	0	0	061326	200002
1	100158	822	062708	5	32	062708	200002
2	100137	121	062909	47	128.2	062909	200002
3	100130	710	064059	50	26.8	064059	200002
4	100072	52	064151	54	29.4	064151	200002
5	100115	837	065548	59	32	065548	200002
6	200002	424	070000	59	172.4	070252	200002
7	900001	757	071529	0	0	null	200002
目标学校：200002
seq	ID	travelTime	arriveTime	stuCount	svcTime	leaveTime	EP_ID 
0	900001	0	055115	0	0	055115	200002
1	100125	2170	062725	18	65.8	062725	200002
2	100109	499	063544	19	21.6	063544	200002
3	100162	1445	065949	66	141.2	065949	200002
4	200002	201	070000	66	190.6	070310	200002
5	900001	757	071547	0	0	null	200002
目标学校：200002
seq	ID	travelTime	arriveTime	stuCount	svcTime	leaveTime	EP_ID 
0	900001	0	054525	0	0	054525	200002
1	100048	2535	062740	42	128.2	062740	200002
2	200002	2068	070000	42	128.2	070208	200002
3	900001	757	071445	0	0	null	200002
目标学校：200002
seq	ID	travelTime	arriveTime	stuCount	svcTime	leaveTime	EP_ID 
0	900001	0	055748	0	0	055748	200002
1	100133	1832	062820	13	52.8	062820	200002
2	100164	1287	064947	38	84	064947	200002
3	100179	429	065656	57	68.4	065656	200002
4	200002	351	070000	57	167.2	070247	200002
5	900001	757	071524	0	0	null	200002
目标学校：200002
seq	ID	travelTime	arriveTime	stuCount	svcTime	leaveTime	EP_ID 
0	900001	0	061534	0	0	061534	200002
1	100084	735	062749	45	136	062749	200002
2	100176	972	064401	49	29.4	064401	200002
3	100127	208	064729	54	32	064729	200002
4	200002	910	070000	54	159.4	070239	200002
5	900001	757	071516	0	0	null	200002
目标学校：200002
seq	ID	travelTime	arriveTime	stuCount	svcTime	leaveTime	EP_ID 
0	900001	0	054909	0	0	054909	200002
1	100247	2517	063106	3	26.8	063106	200002
2	200002	1760	070000	3	26.8	070026	200002
3	900001	757	071303	0	0	null	200002
目标学校：200002
seq	ID	travelTime	arriveTime	stuCount	svcTime	leaveTime	EP_ID 
0	900001	0	061058	0	0	061058	200002
1	100078	1121	062939	25	84	062939	200002
2	100079	876	064415	30	32	064415	200002
3	200002	1042	070000	30	97	070137	200002
4	900001	757	071414	0	0	null	200002
目标学校：200002
seq	ID	travelTime	arriveTime	stuCount	svcTime	leaveTime	EP_ID 
0	900001	0	060939	0	0	060939	200002
1	100123	984	062603	2	24.2	062603	200002
2	100184	762	063845	7	32	063845	200002
3	200002	1312	070000	7	37.2	070037	200002
4	900001	757	071314	0	0	null	200002
目标学校：200002
seq	ID	travelTime	arriveTime	stuCount	svcTime	leaveTime	EP_ID 
0	900001	0	053740	0	0	053740	200002
1	100244	2863	062523	4	29.4	062523	200002
2	200002	2106	070000	4	29.4	070029	200002
3	900001	757	071306	0	0	null	200002
目标学校：200002
seq	ID	travelTime	arriveTime	stuCount	svcTime	leaveTime	EP_ID 
0	900001	0	060427	0	0	060427	200002
1	100207	1546	063013	5	32	063013	200002
2	100129	197	063330	10	32	063330	200002
3	200002	1635	070000	10	45	070045	200002
4	900001	757	071322	0	0	null	200002
目标学校：200002
seq	ID	travelTime	arriveTime	stuCount	svcTime	leaveTime	EP_ID 
0	900001	0	055734	0	0	055734	200002
1	100132	1963	063017	19	68.4	063017	200002
2	200002	1851	070000	19	68.4	070108	200002
3	900001	757	071345	0	0	null	200002
目标学校：200002
seq	ID	travelTime	arriveTime	stuCount	svcTime	leaveTime	EP_ID 
0	900001	0	060318	0	0	060318	200002
1	100083	1631	063029	17	63.2	063029	200002
2	200002	1834	070000	17	63.2	070103	200002
3	900001	757	071340	0	0	null	200002
目标学校：200002
seq	ID	travelTime	arriveTime	stuCount	svcTime	leaveTime	EP_ID 
0	900001	0	055903	0	0	055903	200002
1	100215	1401	062224	5	32	062224	200002
2	100070	212	062556	7	24.2	062556	200002
3	200002	2081	070000	7	37.2	070037	200002
4	900001	757	071314	0	0	null	200002
目标学校：200002
seq	ID	travelTime	arriveTime	stuCount	svcTime	leaveTime	EP_ID 
0	900001	0	060037	0	0	060037	200002
1	100002	1562	062639	4	29.4	062639	200002
2	200002	2030	070000	4	29.4	070029	200002
3	900001	757	071306	0	0	null	200002
目标学校：200002
seq	ID	travelTime	arriveTime	stuCount	svcTime	leaveTime	EP_ID 
0	900001	0	060639	0	0	060639	200002
1	100174	1440	063039	49	146.4	063039	200002
2	200002	1907	070000	49	146.4	070226	200002
3	900001	757	071503	0	0	null	200002
目标学校：200002
seq	ID	travelTime	arriveTime	stuCount	svcTime	leaveTime	EP_ID 
0	900001	0	060145	0	0	060145	200002
1	100010	1381	062446	2	24.2	062446	200002
2	200002	2138	070000	2	24.2	070024	200002
3	900001	757	071301	0	0	null	200002
目标学校：200003
seq	ID	travelTime	arriveTime	stuCount	svcTime	leaveTime	EP_ID 
0	900001	0	054717	0	0	054717	200003
1	100190	5771	072328	2	24.2	072328	200003
2	100233	1245	074413	25	78.8	074413	200003
3	100063	760	075653	38	52.8	075653	200003
4	100231	100	075833	43	32	075833	200003
5	100224	240	080233	58	58	080233	200003
6	200003	16	080000	58	169.8	080249	200003
7	900001	4100	091109	0	0	null	200003
目标学校：200003
seq	ID	travelTime	arriveTime	stuCount	svcTime	leaveTime	EP_ID 
0	900001	0	060118	0	0	060118	200003
1	100016	5156	072714	40	123	072714	200003
2	100234	520	073554	42	24.2	073554	200003
3	100161	95	073729	47	32	073729	200003
4	100248	567	074656	48	21.6	074656	200003
5	100235	221	075037	53	32	075037	200003
6	100126	235	075432	58	32	075432	200003
7	100165	466	080218	65	37.2	080218	200003
8	200003	50	080000	65	188	080308	200003
9	900001	4100	091128	0	0	null	200003
目标学校：200003
seq	ID	travelTime	arriveTime	stuCount	svcTime	leaveTime	EP_ID 
0	900001	0	060220	0	0	060220	200003
1	100073	4840	072300	3	26.8	072300	200003
2	100042	133	072513	46	130.8	072513	200003
3	100094	656	073609	50	29.4	073609	200003
4	100140	1146	075515	55	32	075515	200003
5	100031	279	075954	63	39.8	075954	200003
6	100249	98	080132	65	24.2	080132	200003
7	200003	96	080000	65	188	080308	200003
8	900001	4100	091128	0	0	null	200003
目标学校：200003
seq	ID	travelTime	arriveTime	stuCount	svcTime	leaveTime	EP_ID 
0	900001	0	055521	0	0	055521	200003
1	100186	5498	072659	50	149	072659	200003
2	100241	943	074242	51	21.6	074242	200003
3	100098	644	075326	52	21.6	075326	200003
4	100217	148	075554	60	39.8	075554	200003
5	100069	133	075807	61	21.6	075807	200003
6	200003	290	080000	61	177.6	080257	200003
7	900001	4100	091117	0	0	null	200003
目标学校：200003
seq	ID	travelTime	arriveTime	stuCount	svcTime	leaveTime	EP_ID 
0	900001	0	054536	0	0	054536	200003
1	100106	6019	072555	4	29.4	072555	200003
2	100107	1748	075503	50	138.6	075503	200003
3	200003	446	080000	50	149	080229	200003
4	900001	4100	091049	0	0	null	200003
目标学校：200003
seq	ID	travelTime	arriveTime	stuCount	svcTime	leaveTime	EP_ID 
0	900001	0	055238	0	0	055238	200003
1	100095	5797	072915	27	89.2	072915	200003
2	100013	1825	075940	51	81.4	075940	200003
3	200003	171	080000	51	151.6	080231	200003
4	900001	4100	091051	0	0	null	200003
目标学校：200003
seq	ID	travelTime	arriveTime	stuCount	svcTime	leaveTime	EP_ID 
0	900001	0	055525	0	0	055525	200003
1	100202	5184	072149	18	65.8	072149	200003
2	100203	1098	074007	43	84	074007	200003
3	100061	598	075005	47	29.4	075005	200003
4	100046	90	075135	49	24.2	075135	200003
5	200003	651	080000	49	146.4	080226	200003
6	900001	4100	091046	0	0	null	200003
目标学校：200003
seq	ID	travelTime	arriveTime	stuCount	svcTime	leaveTime	EP_ID 
0	900001	0	063008	0	0	063008	200003
1	100038	4163	073931	34	107.4	073931	200003
2	100041	665	075036	64	97	075036	200003
3	200003	749	080000	64	185.4	080305	200003
4	900001	4100	091125	0	0	null	200003
目标学校：200003
seq	ID	travelTime	arriveTime	stuCount	svcTime	leaveTime	EP_ID 
0	900001	0	061124	0	0	061124	200003
1	100096	4408	072452	9	42.4	072452	200003
2	100104	513	073325	46	115.2	073325	200003
3	100113	867	074752	51	32	074752	200003
4	200003	879	080000	51	151.6	080231	200003
5	900001	4100	091051	0	0	null	200003
目标学校：200003
seq	ID	travelTime	arriveTime	stuCount	svcTime	leaveTime	EP_ID 
0	900001	0	061038	0	0	061038	200003
1	100131	4863	073141	5	32	073141	200003
2	100114	204	073505	20	58	073505	200003
3	200003	1566	080000	20	71	080111	200003
4	900001	4100	090931	0	0	null	200003
目标学校：200003
seq	ID	travelTime	arriveTime	stuCount	svcTime	leaveTime	EP_ID 
0	900001	0	061815	0	0	061815	200003
1	100026	3928	072343	31	99.6	072343	200003
2	100143	1054	074117	32	21.6	074117	200003
3	200003	1225	080000	32	102.2	080142	200003
4	900001	4100	091002	0	0	null	200003
目标学校：200003
seq	ID	travelTime	arriveTime	stuCount	svcTime	leaveTime	EP_ID 
0	900001	0	062212	0	0	062212	200003
1	100136	4407	073539	24	81.4	073539	200003
2	200003	1542	080000	24	81.4	080121	200003
3	900001	4100	090941	0	0	null	200003
目标学校：200003
seq	ID	travelTime	arriveTime	stuCount	svcTime	leaveTime	EP_ID 
0	900001	0	064654	0	0	064654	200003
1	100227	2530	072904	48	143.8	072904	200003
2	200003	1999	080000	48	143.8	080223	200003
3	900001	4100	091043	0	0	null	200003
目标学校：200003
seq	ID	travelTime	arriveTime	stuCount	svcTime	leaveTime	EP_ID 
0	900001	0	064719	0	0	064719	200003
1	100003	2025	072104	33	104.8	072104	200003
2	100144	972	073716	38	32	073716	200003
3	200003	1481	080000	38	117.8	080157	200003
4	900001	4100	091017	0	0	null	200003
目标学校：200003
seq	ID	travelTime	arriveTime	stuCount	svcTime	leaveTime	EP_ID 
0	900001	0	064547	0	0	064547	200003
1	100037	2597	072904	27	89.2	072904	200003
2	100021	821	074245	46	68.4	074245	200003
3	200003	1173	080000	46	138.6	080218	200003
4	900001	4100	091038	0	0	null	200003
目标学校：200003
seq	ID	travelTime	arriveTime	stuCount	svcTime	leaveTime	EP_ID 
0	900001	0	065328	0	0	065328	200003
1	100058	2447	073415	34	107.4	073415	200003
2	200003	1652	080000	34	107.4	080147	200003
3	900001	4100	091007	0	0	null	200003
目标学校：200003
seq	ID	travelTime	arriveTime	stuCount	svcTime	leaveTime	EP_ID 
0	900001	0	065230	0	0	065230	200003
1	100154	2547	073457	12	50.2	073457	200003
2	200003	1553	080000	12	50.2	080050	200003
3	900001	4100	090910	0	0	null	200003
目标学校：200003
seq	ID	travelTime	arriveTime	stuCount	svcTime	leaveTime	EP_ID 
0	900001	0	064915	0	0	064915	200003
1	100209	2462	073017	8	39.8	073017	200003
2	200003	1822	080000	8	39.8	080039	200003
3	900001	4100	090859	0	0	null	200003
目标学校：200003
seq	ID	travelTime	arriveTime	stuCount	svcTime	leaveTime	EP_ID 
0	900001	0	062535	0	0	062535	200003
1	100147	3773	072828	15	58	072828	200003
2	200003	1950	080000	15	58	080058	200003
3	900001	4100	090918	0	0	null	200003
目标学校：200003
seq	ID	travelTime	arriveTime	stuCount	svcTime	leaveTime	EP_ID 
0	900001	0	063147	0	0	063147	200003
1	100105	3732	073359	3	26.8	073359	200003
2	200003	1587	080000	3	26.8	080026	200003
3	900001	4100	090846	0	0	null	200003
目标学校：200004
seq	ID	travelTime	arriveTime	stuCount	svcTime	leaveTime	EP_ID 
0	900001	0	075800	0	0	075800	200004
1	100218	3539	085659	1	21.6	085659	200004
2	100156	918	091217	30	94.4	091217	200004
3	100219	1280	093337	33	26.8	093337	200004
4	200004	187	093500	33	104.8	093644	200004
5	900001	1613	100337	0	0	null	200004
目标学校：200004
seq	ID	travelTime	arriveTime	stuCount	svcTime	leaveTime	EP_ID 
0	900001	0	080850	0	0	080850	200004
1	100199	3064	085954	4	29.4	085954	200004
2	100056	1174	091928	7	26.8	091928	200004
3	100004	261	092349	25	65.8	092349	200004
4	100028	261	092810	41	60.6	092810	200004
5	100238	540	093710	45	29.4	093710	200004
6	200004	6	093500	45	136	093716	200004
7	900001	1613	100409	0	0	null	200004
目标学校：200004
seq	ID	travelTime	arriveTime	stuCount	svcTime	leaveTime	EP_ID 
0	900001	0	075348	0	0	075348	200004
1	100214	3709	085537	23	78.8	085537	200004
2	100008	531	090428	41	65.8	090428	200004
3	100108	1786	093414	43	24.2	093414	200004
4	200004	176	093500	43	130.8	093710	200004
5	900001	1613	100403	0	0	null	200004
目标学校：200004
seq	ID	travelTime	arriveTime	stuCount	svcTime	leaveTime	EP_ID 
0	900001	0	080047	0	0	080047	200004
1	100152	3726	090253	51	151.6	090253	200004
2	100178	1807	093300	64	52.8	093300	200004
3	200004	305	093500	64	185.4	093805	200004
4	900001	1613	100458	0	0	null	200004
目标学校：200004
seq	ID	travelTime	arriveTime	stuCount	svcTime	leaveTime	EP_ID 
0	900001	0	080615	0	0	080615	200004
1	100033	2726	085141	3	26.8	085141	200004
2	100085	899	090640	6	26.8	090640	200004
3	200004	1734	093500	6	34.6	093534	200004
4	900001	1613	100227	0	0	null	200004
目标学校：200004
seq	ID	travelTime	arriveTime	stuCount	svcTime	leaveTime	EP_ID 
0	900001	0	080206	0	0	080206	200004
1	100239	3165	085451	2	24.2	085451	200004
2	100151	1724	092335	21	68.4	092335	200004
3	200004	758	093500	21	73.6	093613	200004
4	900001	1613	100306	0	0	null	200004
目标学校：200004
seq	ID	travelTime	arriveTime	stuCount	svcTime	leaveTime	EP_ID 
0	900001	0	081107	0	0	081107	200004
1	100111	2777	085724	5	32	085724	200004
2	100229	1278	091842	13	39.8	091842	200004
3	100223	561	092803	17	29.4	092803	200004
4	200004	480	093500	17	63.2	093603	200004
5	900001	1613	100256	0	0	null	200004
目标学校：200004
seq	ID	travelTime	arriveTime	stuCount	svcTime	leaveTime	EP_ID 
0	900001	0	080724	0	0	080724	200004
1	100204	2854	085458	14	55.4	085458	200004
2	100009	1958	092736	23	42.4	092736	200004
3	200004	522	093500	23	78.8	093618	200004
4	900001	1613	100311	0	0	null	200004
目标学校：200004
seq	ID	travelTime	arriveTime	stuCount	svcTime	leaveTime	EP_ID 
0	900001	0	083859	0	0	083859	200004
1	100071	1092	085711	17	63.2	085711	200004
2	100221	893	091204	56	120.4	091204	200004
3	100044	761	092445	58	24.2	092445	200004
4	200004	784	093500	58	169.8	093749	200004
5	900001	1613	100442	0	0	null	200004
目标学校：200004
seq	ID	travelTime	arriveTime	stuCount	svcTime	leaveTime	EP_ID 
0	900001	0	084931	0	0	084931	200004
1	100198	651	090022	4	29.4	090022	200004
2	200004	2107	093500	4	29.4	093529	200004
3	900001	1613	100222	0	0	null	200004
目标学校：200004
seq	ID	travelTime	arriveTime	stuCount	svcTime	leaveTime	EP_ID 
0	900001	0	084443	0	0	084443	200004
1	100064	537	085340	4	29.4	085340	200004
2	100023	624	090404	7	26.8	090404	200004
3	100017	1562	093006	12	32	093006	200004
4	200004	344	093500	12	50.2	093550	200004
5	900001	1613	100243	0	0	null	200004
目标学校：200004
seq	ID	travelTime	arriveTime	stuCount	svcTime	leaveTime	EP_ID 
0	900001	0	085028	0	0	085028	200004
1	100160	648	090116	9	42.4	090116	200004
2	200004	2066	093500	9	42.4	093542	200004
3	900001	1613	100235	0	0	null	200004
目标学校：200004
seq	ID	travelTime	arriveTime	stuCount	svcTime	leaveTime	EP_ID 
0	900001	0	084130	0	0	084130	200004
1	100212	964	085734	42	128.2	085734	200004
2	100200	1795	092729	45	26.8	092729	200004
3	200004	587	093500	45	136	093716	200004
4	900001	1613	100409	0	0	null	200004
目标学校：200004
seq	ID	travelTime	arriveTime	stuCount	svcTime	leaveTime	EP_ID 
0	900001	0	080356	0	0	080356	200004
1	100240	3103	085539	22	76.2	085539	200004
2	100142	502	090401	44	76.2	090401	200004
3	200004	1992	093500	44	133.4	093713	200004
4	900001	1613	100406	0	0	null	200004
目标学校：200004
seq	ID	travelTime	arriveTime	stuCount	svcTime	leaveTime	EP_ID 
0	900001	0	081218	0	0	081218	200004
1	100055	3278	090656	3	26.8	090656	200004
2	200004	1710	093500	3	26.8	093526	200004
3	900001	1613	100219	0	0	null	200004
目标学校：200005
seq	ID	travelTime	arriveTime	stuCount	svcTime	leaveTime	EP_ID 
0	900001	0	064739	0	0	064739	200005
1	100005	2367	072706	18	65.8	072706	200005
2	100201	914	074220	21	26.8	074220	200005
3	100205	631	075251	35	55.4	075251	200005
4	100065	12	075303	39	29.4	075303	200005
5	100245	423	080006	40	21.6	080006	200005
6	100116	74	080120	55	58	080120	200005
7	100092	54	080214	65	45	080214	200005
8	200005	54	080000	65	188	080308	200005
9	900001	3918	090826	0	0	null	200005
目标学校：200005
seq	ID	travelTime	arriveTime	stuCount	svcTime	leaveTime	EP_ID 
0	900001	0	064804	0	0	064804	200005
1	100062	1907	071951	13	52.8	071951	200005
2	100124	2261	075732	18	32	075732	200005
3	100022	250	080142	41	78.8	080142	200005
4	200005	23	080000	41	125.6	080205	200005
5	900001	3918	090723	0	0	null	200005
目标学校：200005
seq	ID	travelTime	arriveTime	stuCount	svcTime	leaveTime	EP_ID 
0	900001	0	062618	0	0	062618	200005
1	100074	3526	072504	49	146.4	072504	200005
2	100029	49	072553	51	24.2	072553	200005
3	100173	908	074101	58	37.2	074101	200005
4	100188	294	074555	63	32	074555	200005
5	200005	1027	080000	63	182.8	080302	200005
6	900001	3918	090820	0	0	null	200005
目标学校：200005
seq	ID	travelTime	arriveTime	stuCount	svcTime	leaveTime	EP_ID 
0	900001	0	062945	0	0	062945	200005
1	100032	3778	073243	3	26.8	073243	200005
2	100086	171	073534	43	123	073534	200005
3	100097	590	074524	44	21.6	074524	200005
4	100220	489	075333	54	45	075333	200005
5	200005	546	080000	54	159.4	080239	200005
6	900001	3918	090757	0	0	null	200005
目标学校：200005
seq	ID	travelTime	arriveTime	stuCount	svcTime	leaveTime	EP_ID 
0	900001	0	060134	0	0	060134	200005
1	100082	4754	072048	17	63.2	072048	200005
2	100243	792	073400	19	24.2	073400	200005
3	200005	1628	080000	19	68.4	080108	200005
4	900001	3918	090626	0	0	null	200005
目标学校：200005
seq	ID	travelTime	arriveTime	stuCount	svcTime	leaveTime	EP_ID 
0	900001	0	055526	0	0	055526	200005
1	100166	5444	072610	23	78.8	072610	200005
2	100169	778	073908	24	21.6	073908	200005
3	100112	531	074759	54	97	074759	200005
4	200005	880	080000	54	159.4	080239	200005
5	900001	3918	090757	0	0	null	200005
目标学校：200005
seq	ID	travelTime	arriveTime	stuCount	svcTime	leaveTime	EP_ID 
0	900001	0	054201	0	0	054201	200005
1	100119	6009	072210	4	29.4	072210	200005
2	100075	2101	075711	24	71	075711	200005
3	200005	250	080000	24	81.4	080121	200005
4	900001	3918	090639	0	0	null	200005
目标学校：200005
seq	ID	travelTime	arriveTime	stuCount	svcTime	leaveTime	EP_ID 
0	900001	0	055534	0	0	055534	200005
1	100020	5655	072949	6	34.6	072949	200005
2	100014	796	074305	11	32	074305	200005
3	100015	502	075127	16	32	075127	200005
4	200005	573	080000	16	60.6	080100	200005
5	900001	3918	090618	0	0	null	200005
目标学校：200005
seq	ID	travelTime	arriveTime	stuCount	svcTime	leaveTime	EP_ID 
0	900001	0	060042	0	0	060042	200005
1	100146	5039	072441	2	24.2	072441	200005
2	100128	729	073650	5	26.8	073650	200005
3	100192	545	074555	45	123	074555	200005
4	200005	981	080000	45	136	080216	200005
5	900001	3918	090734	0	0	null	200005
目标学校：200005
seq	ID	travelTime	arriveTime	stuCount	svcTime	leaveTime	EP_ID 
0	900001	0	061830	0	0	061830	200005
1	100121	4139	072729	38	117.8	072729	200005
2	100168	886	074215	41	26.8	074215	200005
3	100226	274	074649	50	42.4	074649	200005
4	200005	940	080000	50	149	080229	200005
5	900001	3918	090747	0	0	null	200005
目标学校：200005
seq	ID	travelTime	arriveTime	stuCount	svcTime	leaveTime	EP_ID 
0	900001	0	062657	0	0	062657	200005
1	100019	3787	073004	9	42.4	073004	200005
2	100012	870	074434	32	78.8	074434	200005
3	200005	1028	080000	32	102.2	080142	200005
4	900001	3918	090700	0	0	null	200005
目标学校：200005
seq	ID	travelTime	arriveTime	stuCount	svcTime	leaveTime	EP_ID 
0	900001	0	063522	0	0	063522	200005
1	100236	3671	073633	4	29.4	073633	200005
2	200005	1436	080000	4	29.4	080029	200005
3	900001	3918	090547	0	0	null	200005
目标学校：200005
seq	ID	travelTime	arriveTime	stuCount	svcTime	leaveTime	EP_ID 
0	900001	0	063307	0	0	063307	200005
1	100053	2728	071835	19	68.4	071835	200005
2	100242	684	072959	21	24.2	072959	200005
3	200005	1874	080000	21	73.6	080113	200005
4	900001	3918	090631	0	0	null	200005
目标学校：200005
seq	ID	travelTime	arriveTime	stuCount	svcTime	leaveTime	EP_ID 
0	900001	0	065016	0	0	065016	200005
1	100050	2813	073709	18	65.8	073709	200005
2	200005	1436	080000	18	65.8	080105	200005
3	900001	3918	090623	0	0	null	200005
目标学校：200005
seq	ID	travelTime	arriveTime	stuCount	svcTime	leaveTime	EP_ID 
0	900001	0	064158	0	0	064158	200005
1	100077	2730	072728	4	29.4	072728	200005
2	200005	1981	080000	4	29.4	080029	200005
3	900001	3918	090547	0	0	null	200005
目标学校：200005
seq	ID	travelTime	arriveTime	stuCount	svcTime	leaveTime	EP_ID 
0	900001	0	065019	0	0	065019	200005
1	100118	2309	072848	40	123	072848	200005
2	200005	1995	080000	40	123	080203	200005
3	900001	3918	090721	0	0	null	200005
目标学校：200006
seq	ID	travelTime	arriveTime	stuCount	svcTime	leaveTime	EP_ID 
0	900001	0	041723	0	0	041723	200006
1	100225	3522	051605	21	73.6	051605	200006
2	100045	322	052127	24	26.8	052127	200006
3	100232	542	053029	62	117.8	053029	200006
4	100157	237	053426	66	29.4	053426	200006
5	200006	224	053500	66	190.6	053810	200006
6	900001	3908	064318	0	0	null	200006
目标学校：200006
seq	ID	travelTime	arriveTime	stuCount	svcTime	leaveTime	EP_ID 
0	900001	0	035917	0	0	035917	200006
1	100101	3583	045900	4	29.4	045900	200006
2	100006	595	050855	36	102.2	050855	200006
3	100122	726	052101	46	45	052101	200006
4	100197	705	053246	54	39.8	053246	200006
5	200006	293	053500	54	159.4	053739	200006
6	900001	3908	064247	0	0	null	200006
目标学校：200006
seq	ID	travelTime	arriveTime	stuCount	svcTime	leaveTime	EP_ID 
0	900001	0	035045	0	0	035045	200006
1	100159	3904	045549	3	26.8	045549	200006
2	100024	471	050340	8	32	050340	200006
3	100216	524	051224	15	37.2	051224	200006
4	100237	317	051741	26	47.6	051741	200006
5	100145	398	052419	27	21.6	052419	200006
6	100090	242	052821	29	24.2	052821	200006
7	100148	233	053214	32	26.8	053214	200006
8	200006	268	053500	32	102.2	053642	200006
9	900001	3908	064150	0	0	null	200006
目标学校：200006
seq	ID	travelTime	arriveTime	stuCount	svcTime	leaveTime	EP_ID 
0	900001	0	032302	0	0	032302	200006
1	100076	5547	045529	1	21.6	045529	200006
2	100153	628	050557	23	76.2	050557	200006
3	200006	1821	053500	23	78.8	053618	200006
4	900001	3908	064126	0	0	null	200006
目标学校：200006
seq	ID	travelTime	arriveTime	stuCount	svcTime	leaveTime	EP_ID 
0	900001	0	033034	0	0	033034	200006
1	100060	5158	045632	21	73.6	045632	200006
2	100018	379	050251	22	21.6	050251	200006
3	200006	2005	053500	22	76.2	053616	200006
4	900001	3908	064124	0	0	null	200006
目标学校：200006
seq	ID	travelTime	arriveTime	stuCount	svcTime	leaveTime	EP_ID 
0	900001	0	033656	0	0	033656	200006
1	100027	4793	045649	1	21.6	045649	200006
2	100103	1593	052322	2	21.6	052322	200006
3	100208	424	053026	43	125.6	053026	200006
4	200006	404	053500	43	130.8	053710	200006
5	900001	3908	064218	0	0	null	200006
目标学校：200006
seq	ID	travelTime	arriveTime	stuCount	svcTime	leaveTime	EP_ID 
0	900001	0	040231	0	0	040231	200006
1	100193	3403	045914	21	73.6	045914	200006
2	100051	461	050655	24	26.8	050655	200006
3	100149	523	051538	26	24.2	051538	200006
4	100066	339	052117	63	115.2	052117	200006
5	200006	1005	053500	63	182.8	053802	200006
6	900001	3908	064310	0	0	null	200006
目标学校：200006
seq	ID	travelTime	arriveTime	stuCount	svcTime	leaveTime	EP_ID 
0	900001	0	041417	0	0	041417	200006
1	100210	2951	050328	2	24.2	050328	200006
2	100059	903	051831	12	45	051831	200006
3	200006	1039	053500	12	50.2	053550	200006
4	900001	3908	064058	0	0	null	200006
目标学校：200006
seq	ID	travelTime	arriveTime	stuCount	svcTime	leaveTime	EP_ID 
0	900001	0	041512	0	0	041512	200006
1	100181	2405	045517	8	39.8	045517	200006
2	100167	461	050258	9	21.6	050258	200006
3	200006	1964	053500	9	42.4	053542	200006
4	900001	3908	064050	0	0	null	200006
目标学校：200006
seq	ID	travelTime	arriveTime	stuCount	svcTime	leaveTime	EP_ID 
0	900001	0	043024	0	0	043024	200006
1	100040	1760	045944	5	32	045944	200006
2	200006	2148	053500	5	32	053532	200006
3	900001	3908	064040	0	0	null	200006
目标学校：200006
seq	ID	travelTime	arriveTime	stuCount	svcTime	leaveTime	EP_ID 
0	900001	0	042502	0	0	042502	200006
1	100191	2321	050343	3	26.8	050343	200006
2	100034	453	051116	29	86.6	051116	200006
3	100011	717	052313	63	107.4	052313	200006
4	200006	889	053500	63	182.8	053802	200006
5	900001	3908	064310	0	0	null	200006
目标学校：200006
seq	ID	travelTime	arriveTime	stuCount	svcTime	leaveTime	EP_ID 
0	900001	0	043121	0	0	043121	200006
1	100182	1867	050228	27	89.2	050228	200006
2	200006	2041	053500	27	89.2	053629	200006
3	900001	3908	064137	0	0	null	200006
目标学校：200006
seq	ID	travelTime	arriveTime	stuCount	svcTime	leaveTime	EP_ID 
0	900001	0	041433	0	0	041433	200006
1	100052	2612	045805	5	32	045805	200006
2	100054	806	051131	6	21.6	051131	200006
3	100081	187	051438	53	141.2	051438	200006
4	100172	431	052149	57	29.4	052149	200006
5	200006	958	053500	57	167.2	053747	200006
6	900001	3908	064255	0	0	null	200006
目标学校：200006
seq	ID	travelTime	arriveTime	stuCount	svcTime	leaveTime	EP_ID 
0	900001	0	041706	0	0	041706	200006
1	100196	3163	050949	1	21.6	050949	200006
2	100089	578	051927	22	73.6	051927	200006
3	100100	142	052149	23	21.6	052149	200006
4	200006	869	053500	23	78.8	053618	200006
5	900001	3908	064126	0	0	null	200006
目标学校：200006
seq	ID	travelTime	arriveTime	stuCount	svcTime	leaveTime	EP_ID 
0	900001	0	042308	0	0	042308	200006
1	100007	3355	051903	4	29.4	051903	200006
2	200006	986	053500	4	29.4	053529	200006
3	900001	3908	064037	0	0	null	200006
目标学校：200006
seq	ID	travelTime	arriveTime	stuCount	svcTime	leaveTime	EP_ID 
0	900001	0	034759	0	0	034759	200006
1	100185	4530	050329	9	42.4	050329	200006
2	200006	1933	053500	9	42.4	053542	200006
3	900001	3908	064050	0	0	null	200006
